 starting MPI with 8 processes
 dot-product = 1.66666666667
     runtime = 0.004755035
