 starting MPI with 2 processes
 dot-product = 1.66666666667
     runtime = 0.018042474
